0.000000 0 
0.100000 0 
0.200000 0 
0.300000 0 
0.400000 0 
0.500000 0 
0.600000 0 
0.700000 0 
0.800000 0 
0.900000 0 
1.000000 0 
1.100000 0 
1.200000 0 
1.300000 0 
1.400000 0 
1.500000 4 
1.600000 13 
1.700000 28 
1.800000 28 
1.900000 30 
2.000000 26 
2.100000 22 
2.200000 15 
2.300000 10 
2.400000 7 
2.500000 0 
2.600000 2 
2.700000 1 
2.800000 2 
2.900000 0 
3.000000 0 
3.100000 0 
3.200000 0 
3.300000 0 
3.400000 0 
3.500000 0 
3.600000 0 
3.700000 0 
3.800000 0 
3.900000 0 
4.000000 0 
4.100000 0 
4.200000 0 
4.300000 0 
4.400000 0 
4.500000 0 
4.600000 0 
4.700000 0 
4.800000 0 
4.900000 0 
5.000000 0 
5.100000 0 
5.200000 0 
5.300000 0 
5.400000 0 
5.500000 0 
5.600000 0 
5.700000 0 
5.800000 0 
5.900000 0 
6.000000 0 
6.100000 0 
6.200000 0 
6.300000 0 
6.400000 0 
6.500000 0 
6.600000 0 
6.700000 0 
6.800000 0 
6.900000 0 
7.000000 0 
7.100000 0 
7.200000 0 
7.300000 0 
7.400000 0 
7.500000 0 
7.600000 0 
7.700000 0 
7.800000 0 
7.900000 0 
8.000000 0 
8.100000 0 
8.200000 0 
8.300000 0 
8.400000 0 
8.500000 0 
8.600000 0 
8.700000 0 
8.800000 0 
8.900000 0 
9.000000 0 
9.100000 0 
9.200000 0 
9.300000 0 
9.400000 0 
9.500000 0 
9.600000 0 
9.700000 0 
9.800000 0 
9.900000 0 
10.000000 0 
10.100000 0 
10.200000 0 
10.300000 0 
10.400000 0 
10.500000 0 
10.600000 0 
10.700000 0 
10.800000 0 
10.900000 0 
11.000000 0 
11.100000 0 
11.200000 0 
11.300000 0 
11.400000 0 
11.500000 0 
11.600000 0 
11.700000 0 
11.800000 0 
11.900000 0 
12.000000 0 
12.100000 0 
12.200000 0 
12.300000 0 
12.400000 0 
12.500000 0 
12.600000 0 
12.700000 0 
12.800000 0 
12.900000 0 
13.000000 0 
13.100000 0 
13.200000 0 
13.300000 0 
13.400000 0 
13.500000 0 
13.600000 0 
13.700000 0 
13.800000 0 
13.900000 0 
14.000000 0 
14.100000 0 
14.200000 0 
14.300000 0 
14.400000 0 
14.500000 0 
14.600000 0 
14.700000 0 
14.800000 0 
14.900000 0 
15.000000 0 
15.100000 0 
15.200000 0 
15.300000 0 
15.400000 0 
15.500000 0 
15.600000 1 
15.700000 0 
15.800000 0 
15.900000 0 
16.000000 0 
16.100000 0 
16.200000 0 
16.300000 0 
16.400000 0 
16.500000 0 
16.600000 1 
16.700000 0 
16.800000 0 
16.900000 0 
17.000000 0 
17.100000 0 
17.200000 0 
17.300000 0 
17.400000 0 
17.500000 0 
17.600000 0 
17.700000 0 
17.800000 0 
17.900000 0 
18.000000 0 
18.100000 0 
18.200000 0 
18.300000 0 
18.400000 0 
18.500000 0 
18.600000 0 
18.700000 0 
18.800000 0 
18.900000 0 
19.000000 0 
19.100000 0 
19.200000 0 
19.300000 0 
19.400000 3 
19.500000 0 
19.600000 0 
19.700000 0 
19.800000 0 
19.900000 0 
20.000000 0 
20.100000 0 
20.200000 0 
20.300000 0 
20.400000 0 
20.500000 0 
20.600000 0 
20.700000 0 
20.800000 0 
20.900000 0 
21.000000 0 
21.100000 0 
21.200000 0 
21.300000 0 
21.400000 0 
21.500000 0 
21.600000 0 
21.700000 0 
21.800000 0 
21.900000 0 
22.000000 0 
22.100000 0 
22.200000 0 
22.300000 0 
22.400000 0 
22.500000 0 
22.600000 5 
22.700000 0 
22.800000 0 
22.900000 0 
23.000000 0 
23.100000 0 
23.200000 0 
23.300000 0 
23.400000 0 
23.500000 0 
23.600000 0 
23.700000 2 
23.800000 0 
23.900000 0 
24.000000 0 
24.100000 1 
24.200000 0 
24.300000 2 
24.400000 0 
24.500000 0 
24.600000 0 
24.700000 1 
24.800000 8 
24.900000 6 
25.000000 0 
25.100000 0 
25.200000 3 
25.300000 0 
25.400000 5 
25.500000 0 
25.600000 1 
25.700000 0 
25.800000 0 
25.900000 0 
26.000000 0 
26.100000 0 
26.200000 1 
26.300000 0 
26.400000 0 
26.500000 10 
26.600000 0 
26.700000 0 
26.800000 0 
26.900000 0 
27.000000 3 
27.100000 6 
27.200000 0 
27.300000 0 
27.400000 0 
27.500000 0 
27.600000 1 
27.700000 1 
27.800000 0 
27.900000 4 
28.000000 0 
28.100000 5 
28.200000 3 
28.300000 0 
28.400000 4 
28.500000 11 
28.600000 1 
28.700000 5 
28.800000 0 
28.900000 2 
29.000000 0 
29.100000 0 
29.200000 0 
29.300000 3 
29.400000 4 
29.500000 0 
29.600000 1 
29.700000 6 
29.800000 0 
29.900000 0 
30.000000 0 
30.100000 10 
30.200000 0 
30.300000 2 
30.400000 4 
30.500000 0 
30.600000 6 
30.700000 4 
30.800000 6 
30.900000 10 
31.000000 2 
31.100000 3 
31.200000 7 
31.300000 11 
31.400000 5 
31.500000 8 
31.600000 9 
31.700000 8 
31.800000 12 
31.900000 15 
32.000000 11 
32.100000 13 
32.200000 17 
32.300000 19 
32.400000 17 
32.500000 18 
32.600000 15 
32.700000 16 
32.800000 14 
32.900000 15 
33.000000 21 
33.100000 23 
33.200000 19 
33.300000 25 
33.400000 28 
33.500000 25 
33.600000 19 
33.700000 7 
33.800000 0 
33.900000 0 
34.000000 0 
34.100000 0 
34.200000 0 
34.300000 0 
34.400000 0 
34.500000 0 
34.600000 0 
34.700000 0 
34.800000 0 
34.900000 0 
35.000000 0 
35.100000 0 
35.200000 0 
35.300000 0 
35.400000 0 
35.500000 0 
35.600000 0 
35.700000 0 
35.800000 0 
35.900000 0 
36.000000 0 
36.100000 0 
36.200000 0 
36.300000 0 
36.400000 0 
36.500000 0 
36.600000 0 
36.700000 0 
36.800000 0 
36.900000 0 
37.000000 0 
37.100000 0 
37.200000 0 
37.300000 0 
37.400000 0 
37.500000 0 
37.600000 0 
37.700000 0 
37.800000 0 
37.900000 0 
38.000000 0 
38.100000 0 
38.200000 0 
38.300000 0 
38.400000 0 
38.500000 0 
38.600000 0 
38.700000 0 
38.800000 0 
38.900000 0 
39.000000 0 
39.100000 0 
39.200000 0 
39.300000 0 
39.400000 0 
39.500000 0 
39.600000 0 
39.700000 0 
39.800000 0 
39.900000 0 
40.000000 0 
40.100000 0 
40.200000 0 
40.300000 0 
40.400000 0 
40.500000 0 
40.600000 0 
40.700000 0 
40.800000 0 
40.900000 0 
41.000000 0 
41.100000 0 
41.200000 0 
41.300000 0 
41.400000 0 
41.500000 0 
41.600000 0 
41.700000 0 
41.800000 0 
41.900000 0 
42.000000 0 
42.100000 0 
42.200000 0 
42.300000 0 
42.400000 0 
42.500000 0 
42.600000 0 
42.700000 0 
42.800000 0 
42.900000 0 
43.000000 0 
43.100000 0 
43.200000 0 
43.300000 0 
43.400000 0 
43.500000 0 
43.600000 0 
43.700000 0 
43.800000 0 
43.900000 0 
44.000000 0 
44.100000 0 
44.200000 0 
44.300000 0 
44.400000 0 
44.500000 0 
44.600000 0 
44.700000 0 
44.800000 0 
44.900000 0 
45.000000 0 
45.100000 0 
45.200000 0 
45.300000 0 
45.400000 0 
45.500000 0 
45.600000 0 
45.700000 0 
45.800000 0 
45.900000 0 
46.000000 0 
46.100000 0 
46.200000 0 
46.300000 0 
46.400000 0 
46.500000 0 
46.600000 0 
46.700000 0 
46.800000 0 
46.900000 0 
47.000000 0 
47.100000 0 
47.200000 0 
47.300000 0 
47.400000 0 
47.500000 0 
47.600000 2 
47.700000 0 
47.800000 0 
47.900000 0 
48.000000 0 
48.100000 0 
48.200000 1 
48.300000 0 
48.400000 0 
48.500000 0 
48.600000 0 
48.700000 0 
48.800000 0 
48.900000 0 
49.000000 0 
49.100000 0 
49.200000 0 
49.300000 0 
49.400000 0 
49.500000 0 
49.600000 0 
49.700000 0 
49.800000 0 
49.900000 0 
50.000000 1 
50.100000 0 
50.200000 0 
50.300000 0 
50.400000 0 
50.500000 0 
50.600000 0 
50.700000 0 
50.800000 0 
50.900000 0 
51.000000 0 
51.100000 0 
51.200000 0 
51.300000 0 
51.400000 0 
51.500000 0 
51.600000 0 
51.700000 0 
51.800000 0 
51.900000 0 
52.000000 0 
52.100000 1 
52.200000 0 
52.300000 0 
52.400000 0 
52.500000 0 
52.600000 0 
52.700000 0 
52.800000 0 
52.900000 0 
53.000000 0 
53.100000 0 
53.200000 0 
53.300000 0 
53.400000 0 
53.500000 0 
53.600000 4 
53.700000 4 
53.800000 0 
53.900000 0 
54.000000 0 
54.100000 2 
54.200000 2 
54.300000 0 
54.400000 1 
54.500000 7 
54.600000 11 
54.700000 6 
54.800000 2 
54.900000 10 
55.000000 9 
55.100000 16 
55.200000 13 
55.300000 17 
55.400000 12 
55.500000 18 
55.600000 20 
55.700000 18 
55.800000 18 
55.900000 20 
56.000000 15 
56.100000 29 
56.200000 20 
56.300000 20 
56.400000 0 
56.500000 0 
56.600000 3 
56.700000 10 
56.800000 2 
56.900000 0 
57.000000 6 
57.100000 2 
57.200000 1 
57.300000 6 
57.400000 6 
57.500000 4 
57.600000 5 
57.700000 13 
57.800000 3 
57.900000 8 
58.000000 8 
58.100000 9 
58.200000 12 
58.300000 9 
58.400000 5 
58.500000 8 
58.600000 14 
58.700000 14 
58.800000 8 
58.900000 13 
59.000000 13 
59.100000 17 
59.200000 13 
59.300000 16 
59.400000 16 
59.500000 10 
59.600000 10 
59.700000 12 
59.800000 20 
59.900000 18 
60.000000 11 
60.100000 14 
60.200000 18 
60.300000 14 
60.400000 26 
60.500000 21 
60.600000 11 
60.700000 19 
60.800000 19 
60.900000 19 
61.000000 20 
61.100000 18 
61.200000 20 
61.300000 21 
61.400000 23 
61.500000 24 
61.600000 19 
61.700000 25 
61.800000 18 
61.900000 8 
62.000000 16 
62.100000 0 
62.200000 4 
62.300000 6 
62.400000 2 
62.500000 0 
62.600000 0 
62.700000 0 
62.800000 0 
62.900000 0 
63.000000 5 
63.100000 1 
63.200000 1 
63.300000 1 
63.400000 5 
63.500000 0 
63.600000 6 
63.700000 2 
63.800000 4 
63.900000 4 
64.000000 4 
64.100000 3 
64.200000 1 
64.300000 4 
64.400000 6 
64.500000 6 
64.600000 4 
64.700000 2 
64.800000 0 
64.900000 7 
65.000000 5 
65.100000 6 
65.200000 3 
65.300000 3 
65.400000 9 
65.500000 9 
65.600000 7 
65.700000 8 
65.800000 8 
65.900000 4 
66.000000 9 
66.100000 14 
66.200000 4 
66.300000 7 
66.400000 5 
66.500000 1 
66.600000 7 
66.700000 10 
66.800000 4 
66.900000 4 
67.000000 6 
67.100000 9 
67.200000 5 
67.300000 9 
67.400000 8 
67.500000 6 
67.600000 12 
67.700000 8 
67.800000 10 
67.900000 12 
68.000000 13 
68.100000 6 
68.200000 9 
68.300000 10 
68.400000 7 
68.500000 7 
68.600000 5 
68.700000 11 
68.800000 8 
68.900000 8 
69.000000 9 
69.100000 9 
69.200000 7 
69.300000 9 
69.400000 9 
69.500000 5 
69.600000 12 
69.700000 11 
69.800000 2 
69.900000 11 
70.000000 0 
70.100000 10 
70.200000 16 
70.300000 8 
70.400000 5 
70.500000 10 
70.600000 5 
70.700000 15 
70.800000 11 
70.900000 9 
71.000000 9 
71.100000 6 
71.200000 7 
71.300000 0 
71.400000 12 
71.500000 9 
71.600000 9 
71.700000 16 
71.800000 4 
71.900000 8 
72.000000 6 
72.100000 7 
72.200000 5 
72.300000 7 
72.400000 12 
72.500000 7 
72.600000 12 
72.700000 7 
72.800000 9 
72.900000 11 
73.000000 11 
73.100000 8 
73.200000 6 
73.300000 16 
73.400000 6 
73.500000 12 
73.600000 9 
73.700000 15 
73.800000 13 
73.900000 7 
74.000000 11 
74.100000 16 
74.200000 12 
74.300000 6 
74.400000 8 
74.500000 14 
74.600000 14 
74.700000 20 
74.800000 11 
74.900000 11 
75.000000 10 
75.100000 18 
75.200000 17 
75.300000 11 
75.400000 20 
75.500000 8 
75.600000 13 
75.700000 15 
75.800000 10 
75.900000 11 
76.000000 11 
76.100000 15 
76.200000 15 
76.300000 13 
76.400000 10 
76.500000 14 
76.600000 17 
76.700000 12 
76.800000 10 
76.900000 14 
77.000000 16 
77.100000 14 
77.200000 16 
77.300000 11 
77.400000 16 
77.500000 17 
77.600000 10 
77.700000 19 
77.800000 10 
77.900000 17 
78.000000 17 
78.100000 17 
78.200000 17 
78.300000 16 
78.400000 16 
78.500000 22 
78.600000 15 
78.700000 17 
78.800000 17 
78.900000 9 
79.000000 13 
79.100000 17 
79.200000 21 
79.300000 14 
79.400000 21 
79.500000 17 
79.600000 17 
79.700000 22 
79.800000 17 
79.900000 22 
80.000000 13 
80.100000 4 
80.200000 17 
80.300000 3 
80.400000 0 
80.500000 0 
80.600000 3 
80.700000 0 
80.800000 1 
80.900000 0 
81.000000 2 
81.100000 6 
81.200000 2 
81.300000 1 
81.400000 2 
81.500000 5 
81.600000 0 
81.700000 7 
81.800000 4 
81.900000 4 
82.000000 12 
82.100000 1 
82.200000 3 
82.300000 13 
82.400000 7 
82.500000 8 
82.600000 8 
82.700000 15 
82.800000 7 
82.900000 14 
83.000000 13 
83.100000 4 
83.200000 2 
83.300000 18 
83.400000 12 
83.500000 14 
83.600000 9 
83.700000 18 
83.800000 10 
83.900000 11 
84.000000 9 
84.100000 9 
84.200000 10 
84.300000 11 
84.400000 11 
84.500000 12 
84.600000 19 
84.700000 15 
84.800000 16 
84.900000 16 
85.000000 22 
85.100000 18 
85.200000 22 
85.300000 11 
85.400000 15 
85.500000 20 
85.600000 20 
85.700000 16 
85.800000 21 
85.900000 12 
86.000000 15 
86.100000 17 
86.200000 9 
86.300000 17 
86.400000 14 
86.500000 19 
86.600000 15 
86.700000 17 
86.800000 23 
86.900000 16 
87.000000 19 
87.100000 20 
87.200000 24 
87.300000 15 
87.400000 18 
87.500000 18 
87.600000 17 
87.700000 18 
87.800000 18 
87.900000 19 
88.000000 16 
88.100000 25 
88.200000 17 
88.300000 20 
88.400000 17 
88.500000 20 
88.600000 21 
88.700000 20 
88.800000 22 
88.900000 24 
89.000000 27 
89.100000 17 
89.200000 6 
89.300000 5 
89.400000 0 
89.500000 0 
89.600000 0 
89.700000 0 
89.800000 0 
89.900000 0 
90.000000 0 
90.100000 0 
90.200000 0 
90.300000 0 
90.400000 0 
90.500000 0 
90.600000 0 
90.700000 0 
90.800000 0 
90.900000 0 
91.000000 0 
91.100000 0 
91.200000 0 
91.300000 0 
91.400000 0 
91.500000 0 
91.600000 0 
91.700000 0 
91.800000 0 
91.900000 0 
92.000000 0 
92.100000 0 
92.200000 0 
92.300000 0 
92.400000 0 
92.500000 0 
92.600000 0 
92.700000 0 
92.800000 0 
92.900000 0 
93.000000 0 
93.100000 0 
93.200000 0 
93.300000 0 
93.400000 0 
93.500000 0 
93.600000 0 
93.700000 0 
93.800000 0 
93.900000 0 
94.000000 0 
94.100000 0 
94.200000 0 
94.300000 0 
94.400000 0 
94.500000 0 
94.600000 0 
94.700000 0 
94.800000 0 
94.900000 0 
95.000000 0 
95.100000 0 
95.200000 0 
95.300000 0 
95.400000 0 
95.500000 0 
95.600000 0 
95.700000 0 
95.800000 0 
95.900000 0 
96.000000 0 
96.100000 0 
96.200000 0 
96.300000 0 
96.400000 0 
96.500000 0 
96.600000 0 
96.700000 0 
96.800000 0 
96.900000 0 
97.000000 0 
97.100000 0 
97.200000 0 
97.300000 0 
97.400000 0 
97.500000 0 
97.600000 0 
97.700000 0 
97.800000 0 
97.900000 0 
98.000000 0 
98.100000 0 
98.200000 0 
98.300000 0 
98.400000 0 
98.500000 0 
98.600000 0 
98.700000 0 
98.800000 0 
98.900000 0 
99.000000 0 
99.100000 0 
99.200000 0 
99.300000 0 
99.400000 0 
99.500000 0 
99.600000 0 
99.700000 0 
99.800000 0 
99.900000 0 
100.000000 0 
100.100000 0 
100.200000 0 
100.300000 0 
100.400000 0 
100.500000 0 
100.600000 0 
100.700000 0 
100.800000 0 
100.900000 0 
101.000000 0 
101.100000 0 
101.200000 0 
101.300000 0 
101.400000 0 
101.500000 0 
101.600000 0 
101.700000 0 
101.800000 0 
101.900000 0 
102.000000 0 
102.100000 0 
102.200000 0 
102.300000 0 
102.400000 0 
102.500000 0 
102.600000 0 
102.700000 0 
102.800000 0 
102.900000 0 
103.000000 0 
103.100000 0 
103.200000 0 
103.300000 6 
103.400000 0 
103.500000 0 
103.600000 0 
103.700000 0 
103.800000 0 
103.900000 0 
104.000000 2 
104.100000 4 
104.200000 4 
104.300000 0 
104.400000 0 
104.500000 0 
104.600000 0 
104.700000 0 
104.800000 0 
104.900000 0 
105.000000 0 
105.100000 0 
105.200000 0 
105.300000 0 
105.400000 0 
105.500000 0 
105.600000 0 
105.700000 0 
105.800000 0 
105.900000 0 
106.000000 0 
106.100000 0 
106.200000 0 
106.300000 0 
106.400000 0 
106.500000 0 
106.600000 0 
106.700000 0 
106.800000 0 
106.900000 0 
107.000000 1 
107.100000 0 
107.200000 0 
107.300000 0 
107.400000 0 
107.500000 0 
107.600000 0 
107.700000 3 
107.800000 6 
107.900000 5 
108.000000 0 
108.100000 3 
108.200000 0 
108.300000 3 
108.400000 0 
108.500000 0 
108.600000 0 
108.700000 5 
108.800000 4 
108.900000 2 
109.000000 0 
109.100000 4 
109.200000 2 
109.300000 10 
109.400000 7 
109.500000 3 
109.600000 5 
109.700000 7 
109.800000 5 
109.900000 17 
110.000000 8 
110.100000 11 
110.200000 12 
110.300000 9 
110.400000 13 
110.500000 18 
110.600000 12 
110.700000 14 
110.800000 15 
110.900000 26 
111.000000 15 
111.100000 22 
111.200000 24 
111.300000 23 
111.400000 10 
111.500000 1 
111.600000 0 
111.700000 0 
111.800000 0 
111.900000 4 
112.000000 0 
112.100000 0 
112.200000 5 
112.300000 6 
112.400000 1 
112.500000 0 
112.600000 1 
112.700000 0 
112.800000 8 
112.900000 2 
113.000000 4 
113.100000 5 
113.200000 1 
113.300000 6 
113.400000 8 
113.500000 5 
113.600000 8 
113.700000 6 
113.800000 11 
113.900000 4 
114.000000 7 
114.100000 14 
114.200000 11 
114.300000 11 
114.400000 19 
114.500000 13 
114.600000 18 
114.700000 12 
114.800000 13 
114.900000 7 
115.000000 19 
115.100000 18 
115.200000 24 
115.300000 12 
115.400000 16 
115.500000 11 
115.600000 19 
115.700000 18 
115.800000 19 
115.900000 14 
116.000000 12 
116.100000 13 
116.200000 16 
116.300000 22 
116.400000 18 
116.500000 13 
116.600000 14 
116.700000 22 
116.800000 24 
116.900000 25 
117.000000 22 
117.100000 22 
117.200000 26 
117.300000 20 
117.400000 12 
117.500000 23 
117.600000 24 
117.700000 22 
117.800000 20 
117.900000 15 
118.000000 20 
118.100000 14 
118.200000 29 
118.300000 23 
118.400000 19 
118.500000 13 
118.600000 0 
118.700000 0 
118.800000 1 
118.900000 2 
119.000000 1 
119.100000 0 
119.200000 0 
119.300000 1 
119.400000 3 
119.500000 5 
119.600000 1 
119.700000 6 
119.800000 4 
119.900000 3 
120.000000 3 
120.100000 0 
120.200000 5 
120.300000 4 
120.400000 4 
120.500000 3 
120.600000 2 
120.700000 5 
120.800000 6 
120.900000 11 
121.000000 3 
121.100000 9 
121.200000 8 
121.300000 2 
121.400000 10 
121.500000 0 
121.600000 9 
121.700000 4 
121.800000 4 
121.900000 4 
122.000000 3 
122.100000 9 
122.200000 12 
122.300000 12 
122.400000 11 
122.500000 11 
122.600000 7 
122.700000 14 
122.800000 12 
122.900000 7 
123.000000 12 
123.100000 8 
123.200000 12 
123.300000 12 
123.400000 10 
123.500000 11 
123.600000 10 
123.700000 9 
123.800000 14 
123.900000 9 
124.000000 7 
124.100000 8 
124.200000 8 
124.300000 9 
124.400000 5 
124.500000 8 
124.600000 8 
124.700000 6 
124.800000 7 
124.900000 4 
125.000000 9 
125.100000 10 
125.200000 8 
125.300000 9 
125.400000 11 
125.500000 8 
125.600000 10 
125.700000 10 
125.800000 9 
125.900000 15 
126.000000 5 
126.100000 12 
126.200000 14 
126.300000 13 
126.400000 20 
126.500000 5 
126.600000 15 
126.700000 3 
126.800000 12 
126.900000 8 
127.000000 6 
127.100000 16 
127.200000 10 
127.300000 7 
127.400000 7 
127.500000 8 
127.600000 3 
127.700000 8 
127.800000 7 
127.900000 8 
128.000000 5 
128.100000 12 
128.200000 8 
128.300000 13 
128.400000 10 
128.500000 12 
128.600000 12 
128.700000 7 
128.800000 9 
128.900000 8 
129.000000 7 
129.100000 15 
129.200000 11 
129.300000 17 
129.400000 8 
129.500000 9 
129.600000 3 
129.700000 8 
129.800000 14 
129.900000 8 
130.000000 13 
130.100000 12 
130.200000 15 
130.300000 19 
130.400000 14 
130.500000 9 
130.600000 9 
130.700000 16 
130.800000 18 
130.900000 14 
131.000000 12 
131.100000 13 
131.200000 16 
131.300000 11 
131.400000 15 
131.500000 7 
131.600000 10 
131.700000 15 
131.800000 9 
131.900000 14 
132.000000 13 
132.100000 8 
132.200000 10 
132.300000 13 
132.400000 9 
132.500000 10 
132.600000 18 
132.700000 16 
132.800000 10 
132.900000 12 
133.000000 13 
133.100000 13 
133.200000 27 
133.300000 13 
133.400000 11 
133.500000 15 
133.600000 10 
133.700000 14 
133.800000 14 
133.900000 12 
134.000000 20 
134.100000 21 
134.200000 17 
134.300000 12 
134.400000 18 
134.500000 14 
134.600000 15 
134.700000 23 
134.800000 20 
134.900000 18 
135.000000 20 
135.100000 18 
135.200000 14 
135.300000 18 
135.400000 17 
135.500000 16 
135.600000 15 
135.700000 21 
135.800000 20 
135.900000 7 
136.000000 18 
136.100000 18 
136.200000 20 
136.300000 18 
136.400000 12 
136.500000 21 
136.600000 24 
136.700000 22 
136.800000 26 
136.900000 13 
137.000000 11 
137.100000 0 
137.200000 0 
137.300000 0 
137.400000 0 
137.500000 0 
137.600000 0 
137.700000 0 
137.800000 0 
137.900000 0 
138.000000 0 
138.100000 0 
138.200000 0 
138.300000 0 
138.400000 0 
138.500000 0 
138.600000 0 
138.700000 0 
138.800000 0 
138.900000 0 
139.000000 0 
139.100000 0 
139.200000 0 
139.300000 0 
139.400000 0 
139.500000 0 
139.600000 0 
139.700000 0 
139.800000 0 
139.900000 0 
140.000000 0 
140.100000 0 
140.200000 0 
140.300000 0 
140.400000 0 
140.500000 0 
140.600000 0 
140.700000 0 
140.800000 0 
140.900000 0 
141.000000 0 
141.100000 0 
141.200000 0 
141.300000 0 
141.400000 0 
141.500000 0 
141.600000 0 
141.700000 0 
141.800000 0 
141.900000 0 
142.000000 0 
142.100000 0 
142.200000 0 
142.300000 0 
142.400000 0 
142.500000 0 
142.600000 0 
142.700000 0 
142.800000 0 
142.900000 0 
143.000000 0 
143.100000 0 
143.200000 0 
143.300000 0 
143.400000 0 
143.500000 0 
143.600000 0 
143.700000 0 
143.800000 0 
143.900000 0 
144.000000 0 
144.100000 0 
144.200000 0 
144.300000 0 
144.400000 0 
144.500000 0 
144.600000 0 
144.700000 0 
144.800000 0 
144.900000 0 
145.000000 0 
145.100000 0 
145.200000 0 
145.300000 0 
145.400000 0 
145.500000 0 
145.600000 0 
145.700000 0 
145.800000 0 
145.900000 0 
146.000000 0 
146.100000 0 
146.200000 0 
146.300000 0 
146.400000 0 
146.500000 0 
146.600000 0 
146.700000 0 
146.800000 0 
146.900000 0 
147.000000 0 
147.100000 0 
147.200000 0 
147.300000 0 
147.400000 0 
147.500000 0 
147.600000 0 
147.700000 0 
147.800000 0 
147.900000 0 
148.000000 0 
148.100000 0 
148.200000 0 
148.300000 0 
148.400000 0 
148.500000 0 
148.600000 0 
148.700000 0 
148.800000 0 
148.900000 0 
149.000000 0 
149.100000 0 
149.200000 5 
149.300000 3 
149.400000 0 
149.500000 0 
149.600000 0 
149.700000 0 
149.800000 0 
149.900000 0 
150.000000 0 
150.100000 0 
150.200000 0 
150.300000 0 
150.400000 0 
150.500000 0 
150.600000 0 
150.700000 0 
150.800000 0 
150.900000 0 
151.000000 0 
151.100000 0 
151.200000 0 
151.300000 4 
151.400000 0 
151.500000 0 
151.600000 0 
151.700000 0 
151.800000 0 
151.900000 0 
152.000000 0 
152.100000 0 
152.200000 0 
152.300000 0 
152.400000 0 
152.500000 0 
152.600000 0 
152.700000 0 
152.800000 0 
152.900000 0 
153.000000 0 
153.100000 0 
153.200000 0 
153.300000 2 
153.400000 4 
153.500000 0 
153.600000 0 
153.700000 0 
153.800000 1 
153.900000 0 
154.000000 0 
154.100000 2 
154.200000 0 
154.300000 1 
154.400000 0 
154.500000 0 
154.600000 0 
154.700000 0 
154.800000 2 
154.900000 3 
155.000000 0 
155.100000 0 
155.200000 0 
155.300000 0 
155.400000 0 
155.500000 0 
155.600000 0 
155.700000 0 
155.800000 0 
155.900000 0 
156.000000 0 
156.100000 0 
156.200000 3 
156.300000 0 
156.400000 1 
156.500000 0 
156.600000 1 
156.700000 3 
156.800000 1 
156.900000 2 
157.000000 10 
157.100000 2 
157.200000 3 
157.300000 8 
157.400000 6 
157.500000 7 
157.600000 9 
157.700000 5 
157.800000 11 
157.900000 8 
158.000000 7 
158.100000 12 
158.200000 12 
158.300000 6 
158.400000 13 
158.500000 20 
158.600000 16 
158.700000 18 
158.800000 17 
158.900000 17 
159.000000 21 
159.100000 20 
159.200000 18 
159.300000 25 
159.400000 21 
159.500000 25 
159.600000 20 
159.700000 24 
159.800000 23 
159.900000 16 
160.000000 5 
160.100000 1 
160.200000 6 
160.300000 9 
160.400000 0 
160.500000 1 
160.600000 3 
160.700000 6 
160.800000 6 
160.900000 6 
161.000000 2 
161.100000 8 
161.200000 7 
161.300000 11 
161.400000 12 
161.500000 11 
161.600000 6 
161.700000 12 
161.800000 12 
161.900000 7 
162.000000 15 
162.100000 7 
162.200000 12 
162.300000 15 
162.400000 17 
162.500000 11 
162.600000 19 
162.700000 16 
162.800000 17 
162.900000 15 
163.000000 25 
163.100000 13 
163.200000 19 
163.300000 17 
163.400000 18 
163.500000 19 
163.600000 22 
163.700000 10 
163.800000 22 
163.900000 19 
164.000000 26 
164.100000 19 
164.200000 20 
164.300000 22 
164.400000 19 
164.500000 20 
164.600000 23 
164.700000 27 
164.800000 24 
164.900000 19 
165.000000 21 
165.100000 19 
165.200000 17 
165.300000 13 
165.400000 3 
165.500000 1 
165.600000 3 
165.700000 1 
165.800000 0 
165.900000 1 
166.000000 0 
166.100000 0 
166.200000 0 
166.300000 0 
166.400000 1 
166.500000 5 
166.600000 0 
166.700000 8 
166.800000 4 
166.900000 4 
167.000000 0 
167.100000 2 
167.200000 7 
167.300000 9 
167.400000 6 
167.500000 0 
167.600000 5 
167.700000 6 
167.800000 5 
167.900000 3 
168.000000 9 
168.100000 3 
168.200000 5 
168.300000 13 
168.400000 11 
168.500000 2 
168.600000 13 
168.700000 5 
168.800000 10 
168.900000 5 
169.000000 9 
169.100000 8 
169.200000 2 
169.300000 9 
169.400000 6 
169.500000 9 
169.600000 15 
169.700000 6 
169.800000 13 
169.900000 12 
170.000000 7 
170.100000 14 
170.200000 10 
170.300000 8 
170.400000 11 
170.500000 7 
170.600000 12 
170.700000 8 
170.800000 8 
170.900000 8 
171.000000 11 
171.100000 7 
171.200000 14 
171.300000 10 
171.400000 15 
171.500000 13 
171.600000 13 
171.700000 9 
171.800000 5 
171.900000 11 
172.000000 22 
172.100000 10 
172.200000 7 
172.300000 17 
172.400000 10 
172.500000 10 
172.600000 11 
172.700000 12 
172.800000 12 
172.900000 9 
173.000000 2 
173.100000 21 
173.200000 14 
173.300000 14 
173.400000 10 
173.500000 14 
173.600000 10 
173.700000 11 
173.800000 13 
173.900000 9 
174.000000 10 
174.100000 11 
174.200000 11 
174.300000 11 
174.400000 13 
174.500000 5 
174.600000 9 
174.700000 13 
174.800000 13 
174.900000 10 
175.000000 12 
175.100000 10 
175.200000 10 
175.300000 7 
175.400000 12 
175.500000 12 
175.600000 11 
175.700000 11 
175.800000 16 
175.900000 13 
176.000000 14 
176.100000 9 
176.200000 17 
176.300000 7 
176.400000 14 
176.500000 13 
176.600000 9 
176.700000 9 
176.800000 10 
176.900000 11 
177.000000 9 
177.100000 9 
177.200000 15 
177.300000 11 
177.400000 7 
177.500000 14 
177.600000 7 
177.700000 18 
177.800000 13 
177.900000 19 
178.000000 13 
178.100000 14 
178.200000 14 
178.300000 15 
178.400000 14 
178.500000 13 
178.600000 8 
178.700000 16 
178.800000 14 
178.900000 18 
179.000000 17 
179.100000 8 
179.200000 19 
179.300000 18 
179.400000 17 
179.500000 16 
179.600000 19 
179.700000 18 
179.800000 14 
179.900000 22 
180.000000 19 
180.100000 19 
180.200000 17 
180.300000 19 
180.400000 15 
180.500000 14 
180.600000 14 
180.700000 20 
180.800000 18 
180.900000 20 
181.000000 17 
181.100000 21 
181.200000 17 
181.300000 20 
181.400000 17 
181.500000 10 
181.600000 10 
181.700000 0 
181.800000 0 
181.900000 1 
182.000000 0 
182.100000 0 
182.200000 0 
182.300000 1 
182.400000 6 
182.500000 0 
182.600000 2 
182.700000 3 
182.800000 1 
182.900000 0 
183.000000 2 
183.100000 0 
183.200000 1 
183.300000 0 
183.400000 2 
183.500000 5 
183.600000 5 
183.700000 3 
183.800000 5 
183.900000 4 
184.000000 6 
184.100000 9 
184.200000 3 
184.300000 3 
184.400000 7 
184.500000 10 
184.600000 5 
184.700000 6 
184.800000 9 
184.900000 14 
185.000000 8 
185.100000 10 
185.200000 10 
185.300000 19 
185.400000 11 
185.500000 7 
185.600000 2 
185.700000 8 
185.800000 8 
185.900000 10 
186.000000 11 
186.100000 13 
186.200000 8 
186.300000 15 
186.400000 11 
186.500000 10 
186.600000 12 
186.700000 9 
186.800000 11 
186.900000 10 
187.000000 20 
187.100000 14 
187.200000 15 
187.300000 17 
187.400000 14 
187.500000 14 
187.600000 16 
187.700000 14 
187.800000 15 
187.900000 15 
188.000000 15 
188.100000 19 
188.200000 11 
188.300000 18 
188.400000 13 
188.500000 11 
188.600000 19 
188.700000 8 
188.800000 15 
188.900000 19 
189.000000 9 
189.100000 17 
189.200000 16 
189.300000 8 
189.400000 5 
189.500000 0 
189.600000 0 
189.700000 1 
189.800000 0 
189.900000 0 
190.000000 0 
190.100000 0 
190.200000 0 
190.300000 0 
190.400000 0 
190.500000 0 
190.600000 0 
190.700000 0 
190.800000 0 
190.900000 0 
191.000000 0 
191.100000 0 
191.200000 0 
191.300000 0 
191.400000 0 
191.500000 0 
191.600000 0 
191.700000 0 
191.800000 0 
191.900000 0 
192.000000 0 
192.100000 0 
192.200000 0 
192.300000 0 
192.400000 0 
192.500000 0 
192.600000 0 
192.700000 0 
192.800000 0 
192.900000 0 
193.000000 0 
193.100000 0 
193.200000 0 
193.300000 0 
193.400000 0 
193.500000 0 
193.600000 0 
193.700000 0 
193.800000 0 
193.900000 0 
194.000000 0 
194.100000 0 
194.200000 0 
194.300000 0 
194.400000 0 
194.500000 0 
194.600000 0 
194.700000 0 
194.800000 0 
194.900000 0 
195.000000 0 
195.100000 0 
195.200000 0 
195.300000 0 
195.400000 0 
195.500000 0 
195.600000 0 
195.700000 0 
195.800000 0 
195.900000 0 
196.000000 0 
196.100000 0 
196.200000 0 
196.300000 0 
196.400000 0 
196.500000 0 
196.600000 0 
196.700000 0 
196.800000 0 
196.900000 0 
197.000000 0 
197.100000 0 
197.200000 0 
197.300000 0 
197.400000 0 
197.500000 0 
197.600000 0 
197.700000 0 
197.800000 0 
197.900000 0 
198.000000 0 
198.100000 0 
198.200000 0 
198.300000 0 
198.400000 0 
198.500000 0 
198.600000 0 
198.700000 0 
198.800000 0 
198.900000 0 
199.000000 0 
199.100000 0 
199.200000 0 
199.300000 0 
199.400000 0 
199.500000 0 
199.600000 0 
199.700000 0 
199.800000 0 
199.900000 0 
200.000000 0 
200.100000 0 
200.200000 0 
200.300000 0 
200.400000 0 
200.500000 0 
200.600000 0 
200.700000 0 
200.800000 0 
200.900000 0 
201.000000 0 
201.100000 0 
201.200000 0 
201.300000 0 
201.400000 0 
201.500000 0 
201.600000 0 
201.700000 0 
201.800000 0 
201.900000 0 
202.000000 0 
202.100000 0 
202.200000 0 
202.300000 0 
202.400000 0 
202.500000 0 
202.600000 0 
202.700000 0 
202.800000 0 
202.900000 0 
203.000000 0 
203.100000 0 
203.200000 0 
203.300000 0 
203.400000 0 
203.500000 0 
203.600000 0 
203.700000 0 
203.800000 0 
203.900000 0 
204.000000 0 
204.100000 0 
204.200000 0 
204.300000 0 
204.400000 0 
204.500000 0 
204.600000 0 
204.700000 0 
204.800000 0 
204.900000 0 
205.000000 0 
205.100000 0 
205.200000 0 
205.300000 0 
205.400000 0 
205.500000 0 
205.600000 0 
205.700000 0 
205.800000 0 
205.900000 0 
206.000000 0 
206.100000 0 
206.200000 0 
206.300000 0 
206.400000 0 
206.500000 0 
206.600000 0 
206.700000 0 
206.800000 0 
206.900000 0 
207.000000 0 
207.100000 0 
207.200000 0 
207.300000 0 
207.400000 0 
207.500000 0 
207.600000 0 
207.700000 0 
207.800000 0 
207.900000 0 
208.000000 0 
208.100000 0 
208.200000 0 
208.300000 0 
208.400000 0 
208.500000 0 
208.600000 0 
208.700000 0 
208.800000 0 
208.900000 0 
209.000000 0 
209.100000 0 
209.200000 0 
209.300000 0 
209.400000 0 
209.500000 0 
209.600000 0 
209.700000 0 
209.800000 0 
209.900000 0 
210.000000 0 
210.100000 0 
210.200000 0 
210.300000 0 
210.400000 0 
210.500000 0 
210.600000 0 
210.700000 0 
210.800000 0 
210.900000 0 
211.000000 0 
211.100000 0 
211.200000 0 
211.300000 0 
211.400000 0 
211.500000 0 
211.600000 0 
211.700000 0 
211.800000 0 
211.900000 0 
212.000000 0 
212.100000 0 
212.200000 0 
212.300000 0 
212.400000 0 
212.500000 0 
212.600000 0 
212.700000 0 
212.800000 0 
212.900000 0 
213.000000 0 
213.100000 0 
213.200000 0 
213.300000 0 
213.400000 0 
213.500000 0 
213.600000 0 
213.700000 0 
213.800000 0 
213.900000 0 
214.000000 0 
214.100000 0 
214.200000 0 
214.300000 0 
214.400000 0 
214.500000 0 
214.600000 0 
214.700000 0 
214.800000 0 
214.900000 0 
215.000000 0 
215.100000 0 
215.200000 0 
215.300000 0 
215.400000 0 
215.500000 0 
215.600000 0 
215.700000 0 
215.800000 0 
215.900000 0 
216.000000 0 
216.100000 0 
216.200000 0 
216.300000 0 
216.400000 0 
216.500000 0 
216.600000 0 
216.700000 0 
216.800000 0 
216.900000 0 
217.000000 0 
217.100000 0 
217.200000 0 
217.300000 0 
217.400000 0 
217.500000 0 
217.600000 0 
217.700000 0 
217.800000 0 
217.900000 0 
218.000000 0 
218.100000 0 
218.200000 0 
218.300000 0 
218.400000 0 
218.500000 0 
218.600000 0 
218.700000 0 
218.800000 0 
218.900000 0 
219.000000 0 
219.100000 0 
219.200000 0 
219.300000 0 
219.400000 0 
219.500000 0 
219.600000 0 
219.700000 0 
219.800000 0 
219.900000 0 
220.000000 0 
220.100000 0 
220.200000 0 
220.300000 0 
220.400000 0 
220.500000 0 
220.600000 0 
220.700000 0 
220.800000 0 
220.900000 0 
221.000000 0 
221.100000 0 
221.200000 0 
221.300000 0 
221.400000 0 
221.500000 0 
221.600000 0 
221.700000 0 
221.800000 0 
221.900000 0 
222.000000 0 
222.100000 0 
222.200000 0 
222.300000 0 
222.400000 0 
222.500000 0 
222.600000 0 
222.700000 0 
222.800000 0 
222.900000 0 
223.000000 0 
223.100000 0 
223.200000 0 
223.300000 0 
223.400000 0 
223.500000 0 
223.600000 0 
223.700000 0 
223.800000 0 
223.900000 0 
224.000000 0 
224.100000 0 
224.200000 0 
224.300000 0 
224.400000 0 
224.500000 0 
224.600000 0 
224.700000 0 
224.800000 0 
224.900000 0 
225.000000 0 
225.100000 0 
225.200000 0 
225.300000 0 
225.400000 5 
225.500000 1 
225.600000 0 
225.700000 0 
225.800000 0 
225.900000 0 
226.000000 0 
226.100000 0 
226.200000 2 
226.300000 0 
226.400000 0 
226.500000 0 
226.600000 1 
226.700000 0 
226.800000 0 
226.900000 0 
227.000000 4 
227.100000 0 
227.200000 0 
227.300000 4 
227.400000 4 
227.500000 1 
227.600000 2 
227.700000 0 
227.800000 1 
227.900000 3 
228.000000 1 
228.100000 2 
228.200000 9 
228.300000 7 
228.400000 8 
228.500000 6 
228.600000 12 
228.700000 12 
228.800000 16 
228.900000 12 
229.000000 15 
229.100000 19 
229.200000 23 
229.300000 20 
229.400000 19 
229.500000 19 
229.600000 25 
229.700000 25 
229.800000 13 
229.900000 9 
230.000000 9 
230.100000 7 
230.200000 9 
230.300000 3 
230.400000 1 
230.500000 0 
230.600000 0 
230.700000 0 
230.800000 0 
230.900000 0 
231.000000 0 
231.100000 0 
231.200000 0 
231.300000 0 
231.400000 0 
231.500000 0 
231.600000 0 
231.700000 0 
231.800000 0 
231.900000 0 
232.000000 0 
232.100000 0 
232.200000 0 
232.300000 0 
232.400000 0 
232.500000 0 
232.600000 0 
232.700000 0 
232.800000 0 
232.900000 0 
233.000000 0 
233.100000 0 
233.200000 0 
233.300000 0 
233.400000 0 
233.500000 0 
233.600000 0 
233.700000 0 
233.800000 0 
233.900000 0 
234.000000 0 
234.100000 0 
234.200000 0 
234.300000 0 
234.400000 0 
234.500000 0 
234.600000 0 
234.700000 0 
234.800000 0 
234.900000 0 
235.000000 0 
235.100000 0 
235.200000 0 
235.300000 0 
235.400000 0 
235.500000 0 
235.600000 0 
235.700000 0 
235.800000 0 
235.900000 0 
236.000000 0 
236.100000 0 
236.200000 0 
236.300000 0 
236.400000 0 
236.500000 0 
236.600000 0 
236.700000 0 
236.800000 0 
236.900000 0 
237.000000 0 
237.100000 0 
237.200000 0 
237.300000 0 
237.400000 0 
237.500000 0 
237.600000 0 
237.700000 0 
237.800000 0 
237.900000 0 
238.000000 0 
238.100000 0 
238.200000 0 
238.300000 0 
238.400000 0 
238.500000 0 
238.600000 0 
238.700000 0 
238.800000 0 
238.900000 0 
239.000000 0 
239.100000 0 
239.200000 0 
239.300000 0 
239.400000 0 
239.500000 0 
239.600000 0 
239.700000 0 
239.800000 0 
239.900000 0 
240.000000 0 
240.100000 0 
240.200000 0 
240.300000 0 
240.400000 0 
240.500000 0 
240.600000 0 
240.700000 0 
240.800000 0 
240.900000 0 
241.000000 0 
241.100000 0 
241.200000 0 
241.300000 0 
241.400000 0 
241.500000 0 
241.600000 0 
241.700000 0 
241.800000 0 
241.900000 0 
242.000000 0 
242.100000 0 
242.200000 0 
242.300000 0 
242.400000 0 
242.500000 0 
242.600000 0 
242.700000 0 
242.800000 0 
242.900000 0 
243.000000 0 
243.100000 0 
243.200000 0 
243.300000 0 
243.400000 0 
243.500000 0 
243.600000 0 
243.700000 0 
243.800000 0 
243.900000 0 
244.000000 0 
244.100000 0 
244.200000 0 
244.300000 0 
244.400000 0 
244.500000 0 
244.600000 0 
244.700000 0 
244.800000 0 
244.900000 0 
245.000000 0 
245.100000 0 
245.200000 0 
245.300000 0 
245.400000 0 
245.500000 0 
245.600000 0 
245.700000 0 
245.800000 0 
245.900000 0 
246.000000 1 
246.100000 4 
246.200000 0 
246.300000 0 
246.400000 0 
246.500000 0 
246.600000 0 
246.700000 0 
246.800000 0 
246.900000 3 
247.000000 0 
247.100000 0 
247.200000 0 
247.300000 0 
247.400000 0 
247.500000 2 
247.600000 0 
247.700000 0 
247.800000 0 
247.900000 3 
248.000000 0 
248.100000 0 
248.200000 0 
248.300000 0 
248.400000 0 
248.500000 0 
248.600000 0 
248.700000 0 
248.800000 0 
248.900000 0 
249.000000 2 
249.100000 0 
249.200000 2 
249.300000 1 
249.400000 1 
249.500000 0 
249.600000 1 
249.700000 11 
249.800000 0 
249.900000 0 
250.000000 2 
250.100000 2 
250.200000 0 
250.300000 2 
250.400000 10 
250.500000 6 
250.600000 10 
250.700000 12 
250.800000 7 
250.900000 7 
251.000000 12 
251.100000 12 
251.200000 12 
251.300000 15 
251.400000 11 
251.500000 15 
251.600000 11 
251.700000 15 
251.800000 14 
251.900000 22 
252.000000 19 
252.100000 24 
252.200000 22 
252.300000 21 
252.400000 15 
252.500000 21 
252.600000 23 
252.700000 20 
252.800000 19 
252.900000 5 
253.000000 0 
253.100000 1 
253.200000 0 
253.300000 2 
253.400000 3 
253.500000 0 
253.600000 0 
253.700000 0 
253.800000 0 
253.900000 0 
254.000000 0 
254.100000 0 
254.200000 0 
254.300000 0 
254.400000 0 
254.500000 0 
254.600000 0 
254.700000 0 
254.800000 0 
254.900000 0 
255.000000 0 
255.100000 0 
255.200000 0 
255.300000 0 
255.400000 0 
255.500000 0 
255.600000 0 
255.700000 0 
255.800000 0 
255.900000 0 
256.000000 0 
256.100000 0 
256.200000 0 
256.300000 0 
256.400000 0 
256.500000 0 
256.600000 0 
256.700000 0 
256.800000 0 
256.900000 0 
257.000000 0 
257.100000 0 
257.200000 0 
257.300000 0 
257.400000 0 
257.500000 0 
257.600000 0 
257.700000 0 
257.800000 0 
257.900000 0 
258.000000 0 
258.100000 0 
258.200000 0 
258.300000 0 
258.400000 0 
258.500000 0 
258.600000 0 
258.700000 0 
258.800000 0 
258.900000 0 
259.000000 0 
259.100000 0 
259.200000 0 
259.300000 0 
259.400000 0 
259.500000 0 
259.600000 0 
259.700000 0 
259.800000 0 
259.900000 0 
260.000000 0 
260.100000 0 
260.200000 0 
260.300000 0 
260.400000 0 
260.500000 0 
260.600000 0 
260.700000 0 
260.800000 0 
260.900000 0 
261.000000 0 
261.100000 0 
261.200000 0 
261.300000 0 
261.400000 0 
261.500000 0 
261.600000 0 
261.700000 0 
261.800000 0 
261.900000 0 
262.000000 0 
262.100000 0 
262.200000 0 
262.300000 0 
262.400000 0 
262.500000 0 
262.600000 0 
262.700000 0 
262.800000 0 
262.900000 0 
263.000000 0 
263.100000 0 
263.200000 0 
263.300000 0 
263.400000 0 
263.500000 0 
263.600000 0 
263.700000 0 
263.800000 0 
263.900000 0 
264.000000 0 
264.100000 0 
264.200000 0 
264.300000 0 
264.400000 0 
264.500000 0 
264.600000 0 
264.700000 0 
264.800000 0 
264.900000 0 
265.000000 0 
265.100000 0 
265.200000 0 
265.300000 0 
265.400000 0 
265.500000 0 
265.600000 0 
265.700000 0 
265.800000 0 
265.900000 0 
266.000000 0 
266.100000 0 
266.200000 0 
266.300000 0 
266.400000 0 
266.500000 0 
266.600000 0 
266.700000 0 
266.800000 0 
266.900000 0 
267.000000 0 
267.100000 0 
267.200000 0 
267.300000 0 
267.400000 0 
267.500000 0 
267.600000 0 
267.700000 0 
267.800000 0 
267.900000 0 
268.000000 0 
268.100000 0 
268.200000 0 
268.300000 0 
268.400000 0 
268.500000 0 
268.600000 0 
268.700000 0 
268.800000 0 
268.900000 0 
269.000000 0 
269.100000 0 
269.200000 0 
269.300000 0 
269.400000 0 
269.500000 0 
269.600000 0 
269.700000 0 
269.800000 0 
269.900000 0 
270.000000 0 
270.100000 0 
270.200000 0 
270.300000 0 
270.400000 0 
270.500000 0 
270.600000 0 
270.700000 0 
270.800000 0 
270.900000 0 
271.000000 0 
271.100000 0 
271.200000 0 
271.300000 0 
271.400000 0 
271.500000 0 
271.600000 0 
271.700000 0 
271.800000 0 
271.900000 0 
272.000000 0 
272.100000 0 
272.200000 0 
272.300000 0 
272.400000 0 
272.500000 0 
272.600000 0 
272.700000 0 
272.800000 0 
272.900000 0 
273.000000 0 
273.100000 2 
273.200000 0 
273.300000 2 
273.400000 0 
273.500000 0 
273.600000 0 
273.700000 0 
273.800000 3 
273.900000 5 
274.000000 0 
274.100000 2 
274.200000 0 
274.300000 0 
274.400000 4 
274.500000 2 
274.600000 6 
274.700000 3 
274.800000 5 
274.900000 7 
275.000000 13 
275.100000 8 
275.200000 13 
275.300000 15 
275.400000 16 
275.500000 20 
275.600000 10 
275.700000 17 
275.800000 7 
275.900000 22 
276.000000 17 
276.100000 10 
276.200000 12 
276.300000 0 
276.400000 1 
276.500000 0 
276.600000 0 
276.700000 0 
276.800000 0 
276.900000 0 
277.000000 0 
277.100000 0 
277.200000 0 
277.300000 0 
277.400000 0 
277.500000 0 
277.600000 0 
277.700000 0 
277.800000 0 
277.900000 0 
278.000000 0 
278.100000 0 
278.200000 0 
278.300000 0 
278.400000 0 
278.500000 0 
278.600000 0 
278.700000 0 
278.800000 0 
278.900000 0 
279.000000 0 
279.100000 0 
279.200000 0 
279.300000 0 
279.400000 2 
279.500000 0 
279.600000 0 
279.700000 0 
279.800000 0 
279.900000 0 
280.000000 0 
280.100000 0 
280.200000 0 
280.300000 0 
280.400000 0 
280.500000 0 
280.600000 0 
280.700000 0 
280.800000 0 
280.900000 0 
281.000000 0 
281.100000 0 
281.200000 0 
281.300000 0 
281.400000 0 
281.500000 0 
281.600000 0 
281.700000 0 
281.800000 0 
281.900000 2 
282.000000 1 
282.100000 0 
282.200000 1 
282.300000 0 
282.400000 0 
282.500000 1 
282.600000 0 
282.700000 0 
282.800000 0 
282.900000 0 
283.000000 0 
283.100000 0 
283.200000 0 
283.300000 0 
283.400000 0 
283.500000 0 
283.600000 0 
283.700000 0 
283.800000 0 
283.900000 0 
284.000000 9 
284.100000 0 
284.200000 0 
284.300000 0 
284.400000 0 
284.500000 0 
284.600000 0 
284.700000 0 
284.800000 0 
284.900000 1 
285.000000 0 
285.100000 6 
285.200000 0 
285.300000 0 
285.400000 0 
285.500000 0 
285.600000 0 
285.700000 0 
285.800000 0 
285.900000 2 
286.000000 0 
286.100000 0 
286.200000 0 
286.300000 0 
286.400000 0 
286.500000 1 
286.600000 6 
286.700000 0 
286.800000 0 
286.900000 2 
287.000000 0 
287.100000 1 
287.200000 2 
287.300000 5 
287.400000 0 
287.500000 0 
287.600000 4 
287.700000 0 
287.800000 0 
287.900000 0 
288.000000 5 
288.100000 4 
288.200000 0 
288.300000 0 
288.400000 1 
288.500000 5 
288.600000 0 
288.700000 2 
288.800000 5 
288.900000 3 
289.000000 2 
289.100000 0 
289.200000 4 
289.300000 3 
289.400000 0 
289.500000 0 
289.600000 0 
289.700000 0 
289.800000 0 
289.900000 0 
290.000000 2 
290.100000 9 
290.200000 0 
290.300000 0 
290.400000 0 
290.500000 9 
290.600000 0 
290.700000 1 
290.800000 0 
290.900000 2 
291.000000 0 
291.100000 5 
291.200000 0 
291.300000 0 
291.400000 4 
291.500000 0 
291.600000 2 
291.700000 1 
291.800000 0 
291.900000 0 
292.000000 4 
292.100000 2 
292.200000 0 
292.300000 1 
292.400000 0 
292.500000 2 
292.600000 0 
292.700000 5 
292.800000 3 
292.900000 0 
293.000000 8 
293.100000 10 
293.200000 1 
293.300000 7 
293.400000 4 
293.500000 10 
293.600000 0 
293.700000 1 
293.800000 13 
293.900000 7 
294.000000 3 
294.100000 12 
294.200000 3 
294.300000 4 
294.400000 5 
294.500000 8 
294.600000 5 
294.700000 7 
294.800000 11 
294.900000 7 
295.000000 8 
295.100000 4 
295.200000 5 
295.300000 11 
295.400000 6 
295.500000 10 
295.600000 11 
295.700000 6 
295.800000 15 
295.900000 15 
296.000000 11 
296.100000 14 
296.200000 14 
296.300000 16 
296.400000 16 
296.500000 18 
296.600000 21 
296.700000 18 
296.800000 19 
296.900000 13 
297.000000 16 
297.100000 23 
297.200000 18 
297.300000 30 
297.400000 19 
297.500000 17 
297.600000 2 
297.700000 0 
297.800000 2 
297.900000 0 
298.000000 0 
298.100000 0 
298.200000 0 
298.300000 0 
298.400000 0 
298.500000 0 
298.600000 0 
298.700000 0 
298.800000 0 
298.900000 0 
299.000000 0 
299.100000 0 
299.200000 0 
299.300000 0 
299.400000 0 
299.500000 0 
299.600000 0 
299.700000 0 
299.800000 0 
299.900000 0 
